# Bin Wavelength [micron], Bin Width [micron], Transit Depth (Rp/Rs)^2, Transit Depth Uncertainty 
1.1425 0.03499999999999992 0.0016807649034091383 7.212391716040047e-05
1.1775 0.03499999999999992 0.001719516830648745 6.986866486840984e-05
1.2125 0.03499999999999992 0.001803352498277871 6.707151054940227e-05
1.2475 0.03500000000000014 0.0016790945384596771 6.368967204529639e-05
1.2825 0.03499999999999992 0.0017272528030897853 6.559337490126094e-05
1.3175 0.03499999999999992 0.0016657617356277004 6.577485533187813e-05
1.3525 0.03500000000000014 0.0017154344178454193 6.460334588436845e-05
1.3875 0.03499999999999992 0.0018692647809255654 6.509087483910552e-05
1.4225 0.03500000000000014 0.0019472313039716963 6.705288377464706e-05
1.4575 0.03499999999999992 0.001914833289162288 6.648115999746294e-05
1.4925 0.03499999999999992 0.001828451589982857 6.598437042881398e-05
1.5275 0.03500000000000014 0.0018470674443794653 6.875369140270534e-05
1.5625 0.03499999999999992 0.001874641062527458 7.097491014683292e-05
1.5975 0.03499999999999992 0.0018712543133397267 7.094778781053005e-05
1.6325 0.03500000000000014 0.0018479004302725877 7.431370471754984e-05
