# Bin Wavelength [micron], Bin Width [micron], Transit Depth (Rp/Rs)^2, Transit Depth Uncertainty 
1.138125 0.026249999999999996 0.0016414982246987157 8.286822363032925e-05
1.164375 0.026249999999999885 0.0018152482787423796 8.083183657797981e-05
1.190625 0.026250000000000107 0.0017447869039635836 8.068248400448319e-05
1.216875 0.026249999999999885 0.001752226385202093 7.933073358066319e-05
1.243125 0.026250000000000107 0.001649434555732777 7.582831586535265e-05
1.269375 0.026249999999999885 0.001790163683024317 7.423998610046802e-05
1.295625 0.026250000000000107 0.0016625239509293584 7.5963593549428e-05
1.321875 0.026249999999999885 0.0016584049101212586 7.452875453910397e-05
1.348125 0.026250000000000107 0.001709704533951891 7.415798609175322e-05
1.374375 0.026249999999999885 0.001721957841086317 7.48815279636904e-05
1.400625 0.026250000000000107 0.001990906980512878 7.75009522926706e-05
1.426875 0.026249999999999885 0.001970382183905664 7.755551272569262e-05
1.453125 0.026250000000000107 0.001979290920178913 7.804663980899703e-05
1.479375 0.026250000000000107 0.00179225549083905 7.646427261403588e-05
1.505625 0.026249999999999885 0.0018518271078405554 7.846561157014999e-05
1.531875 0.026250000000000107 0.0018654599273697553 8.02794046586067e-05
1.558125 0.026249999999999885 0.001859535015016642 8.115207061779105e-05
1.584375 0.026250000000000107 0.00194602165987132 8.30392342563729e-05
1.610625 0.026249999999999885 0.00172345838869075 8.354445961372356e-05
1.636875 0.026250000000000107 0.0019334922509071416 8.619375178801827e-05
