# Bin Wavelength [micron], Bin Width [micron], Transit Depth (Rp/Rs)^2, Transit Depth Uncertainty 
1.15125 0.05249999999999999 0.0017173175579195074 6.155229372162491e-05
1.20375 0.05249999999999999 0.001733717662572752 5.9059604131470305e-05
1.25625 0.05249999999999999 0.0017138497133594307 5.5652065047824225e-05
1.30875 0.05249999999999999 0.0016596173257774093 5.6392756090035794e-05
1.36125 0.05249999999999999 0.0017193589268726494 5.4068894606439924e-05
1.41375 0.05249999999999999 0.0019810569673102086 5.635173118367432e-05
1.46625 0.05249999999999999 0.0018969271089861873 5.745542181641132e-05
1.51875 0.05249999999999999 0.0018594621718985727 5.8507605548454005e-05
1.57125 0.05249999999999999 0.00191680207332164 5.9901428927713776e-05
1.62375 0.05249999999999999 0.0018375199827763155 6.168475792445475e-05
