2.712921208698716782e+03
3.352061298135672587e+03
4.953198620194757495e+03
6.678699611689668018e+03
8.419034108999316231e+03
1.003191244247787108e+04
1.239290830250884937e+04
1.806194807069222588e+04
2.667687794588064935e+04
3.598128136988464394e+04
4.334398287325639103e+04
5.275746063314873027e+04
7.013605726711926400e+04
1.036828083125511039e+05
1.501285812848859932e+05
1.920378559077207174e+05
2.190826667917206942e+05
2.448548196569597931e+05
2.844627487009635661e+05
3.328855557348692091e+05
3.721113922119636554e+05
3.909997850899354089e+05
3.980288806991497404e+05
4.037933946555843577e+05
4.096316720283704926e+05
4.142719605438036961e+05
4.202971352688317420e+05
4.220104604214116116e+05
4.273067805142946891e+05
4.275434633302448783e+05
4.281982031148304231e+05
4.252640632574799820e+05
4.315316575042112381e+05
4.410094356131046079e+05
4.487513889709555078e+05
4.517064992074392503e+05
4.537787568610488088e+05
4.589580528609497705e+05
4.629653618265258847e+05
4.621444196691313409e+05
4.665297647369225742e+05
4.681947730329640326e+05
4.738222550086475676e+05
4.798342418131430750e+05
4.821500218612971948e+05
4.837515483731275308e+05
4.861512090515856398e+05
4.877466993236954440e+05
4.880472147975197295e+05
4.856812162348142010e+05
4.886229718864316237e+05
4.867376952222078107e+05
4.851830664804430562e+05
4.854461168026807718e+05
4.815721117851081071e+05
4.841217242737533525e+05
4.857524803410001332e+05
4.810014625384958345e+05
4.909251595432311296e+05
4.959517304366727476e+05
4.990736839533844031e+05
5.002225429151571589e+05
5.025523181103386451e+05
5.001512102914392017e+05
4.982816855008418788e+05
5.043136290840318543e+05
5.043448582565242541e+05
5.016505181384501630e+05
5.020370744068332715e+05
5.057520815960041364e+05
5.061875366109166644e+05
5.038414074510543142e+05
5.010340438404564047e+05
4.990814311420083395e+05
4.970659890307563473e+05
4.947349523542164825e+05
4.912129590574775357e+05
4.851019082762925536e+05
4.817241430198162561e+05
4.768641689339939039e+05
4.783029350139652961e+05
4.777777842032468179e+05
4.810210220287911361e+05
4.802065112069175811e+05
4.788439794531131047e+05
4.790544682105025277e+05
4.766472531984280795e+05
4.745283329677504371e+05
4.732361757486592396e+05
4.744358129954235628e+05
4.727302489415581222e+05
4.698419595347211580e+05
4.702505635677591199e+05
4.667859495711443014e+05
4.638738464181215968e+05
4.609228200397771434e+05
4.590453098337199772e+05
4.535268673167367815e+05
4.523129736746082199e+05
4.488116215600115829e+05
4.446980096379322931e+05
4.392176388697622460e+05
4.445520392959297751e+05
4.408563530834635603e+05
4.299091541406533797e+05
4.372132129254047759e+05
4.413435930982347927e+05
4.407148840733073885e+05
4.373715302472758340e+05
4.345782847876300802e+05
4.325371328704920015e+05
4.291443292047617142e+05
4.244442968518019188e+05
4.234377021254741121e+05
4.180173863715335610e+05
4.114094003670135862e+05
4.088572073869004380e+05
4.053267685687254998e+05
4.016906415618676110e+05
3.938989759357263101e+05
3.918987962284149835e+05
3.917273992168286932e+05
3.859777492004376254e+05
3.866468499073581770e+05
3.845625392020603176e+05
3.860069714697559830e+05
3.801095182803152129e+05
3.751519305186902639e+05
3.705315539278973592e+05
3.684820622770397458e+05
3.688141141610195627e+05
3.626006237857044907e+05
3.566459087079917081e+05
3.478283227991701569e+05
3.478416745881275274e+05
3.453380470122700790e+05
3.382750001583331032e+05
3.268749842848557746e+05
2.995578984065373661e+05
2.598113405914961768e+05
2.130610896506849094e+05
1.682370798531651672e+05
1.301474532760780130e+05
1.008210525625387381e+05
7.699360076683075749e+04
6.048285632234409422e+04
4.657832691568728478e+04
3.701099964427756640e+04
2.906361888217472006e+04
2.308264947739434865e+04
1.865492844139521549e+04
1.449927114959385290e+04
1.184907002872369594e+04
8.998274891823371945e+03
7.387145877398846096e+03
5.773576674548087794e+03
4.391888723496796047e+03
3.063336017179649843e+03
2.389637430143254278e+03
1.731205088688779597e+03
